 profundidade, Hcp_real, Hcp_imag, Hcx_real, Hcx_imag, rho
 -0.1150000000000000E+02, -0.7607106377759497E-01, -0.7399504612118964E-05,  0.1544660855834577E+00, -0.1408073465950649E-04, 100.0
 -0.1139999961853027E+02, -0.7607108140833113E-01, -0.7537305721401098E-05,  0.1544660491629676E+00, -0.1434322878245137E-04, 100.0
 -0.1130000019073486E+02, -0.7607109948237969E-01, -0.7681826903138268E-05,  0.1544660118302612E+00, -0.1461863690994580E-04, 100.0
 -0.1119999980926514E+02, -0.7607111801705264E-01, -0.7833526332420437E-05,  0.1544659735498580E+00, -0.1490784214554795E-04, 100.0
 -0.1110000038146973E+02, -0.7607113703063886E-01, -0.7992903245552974E-05,  0.1544659342842827E+00, -0.1521180683967398E-04, 100.0
 -0.1100000000000000E+02, -0.7607115654247820E-01, -0.8160502566962284E-05,  0.1544658939939134E+00, -0.1553158152593313E-04, 100.0
 -0.1089999961853027E+02, -0.7607117657304048E-01, -0.8336920171478492E-05,  0.1544658526368165E+00, -0.1586831508446467E-04, 100.0
 -0.1080000019073486E+02, -0.7607119714401707E-01, -0.8522808884795039E-05,  0.1544658101685639E+00, -0.1622326633251249E-04, 100.0
 -0.1069999980926514E+02, -0.7607121827841730E-01, -0.8718885346285518E-05,  0.1544657665420345E+00, -0.1659781728079957E-04, 100.0
 -0.1060000038146973E+02, -0.7607124000067898E-01, -0.8925937881198504E-05,  0.1544657217071917E+00, -0.1699348834082311E-04, 100.0
 -0.1050000000000000E+02, -0.7607126233678342E-01, -0.9144835559282257E-05,  0.1544656756108414E+00, -0.1741195582515309E-04, 100.0
 -0.1039999961853027E+02, -0.7607128531439430E-01, -0.9376538653336476E-05,  0.1544656281963593E+00, -0.1785507215325287E-04, 100.0
 -0.1030000019073486E+02, -0.7607130896299857E-01, -0.9622110755733361E-05,  0.1544655794033951E+00, -0.1832488926198189E-04, 100.0
 -0.1019999980926514E+02, -0.7607133331407273E-01, -0.9882732866874882E-05,  0.1544655291675350E+00, -0.1882368582805257E-04, 100.0
 -0.1010000038146973E+02, -0.7607135840126605E-01, -0.1015971983957809E-04,  0.1544654774199322E+00, -0.1935399904469540E-04, 100.0
 -0.1000000000000000E+02, -0.7607138426060223E-01, -0.1045453965086975E-04,  0.1544654240868920E+00, -0.1991866186422927E-04, 100.0
 -0.9899999618530273E+01, -0.7607141093070988E-01, -0.1076883608329574E-04,  0.1544653690894014E+00, -0.2052084683315035E-04, 100.0
 -0.9800000190734863E+01, -0.7607143845307772E-01, -0.1110445553961201E-04,  0.1544653123426099E+00, -0.2116411791897038E-04, 100.0
 -0.9699999809265137E+01, -0.7607146687234835E-01, -0.1146347889457361E-04,  0.1544652537552351E+00, -0.2185249207797980E-04, 100.0
 -0.9600000381469727E+01, -0.7607149623664183E-01, -0.1184825952140099E-04,  0.1544651932288939E+00, -0.2259051276430102E-04, 100.0
 -0.9500000000000000E+01, -0.7607152659793019E-01, -0.1226146893312991E-04,  0.1544651306573437E+00, -0.2338333816672483E-04, 100.0
 -0.9399999618530273E+01, -0.7607155801246417E-01, -0.1270615187518573E-04,  0.1544650659256160E+00, -0.2423684772841220E-04, 100.0
 -0.9300000190734863E+01, -0.7607159054125798E-01, -0.1318579323093008E-04,  0.1544649989090234E+00, -0.2515777151892258E-04, 100.0
 -0.9199999809265137E+01, -0.7607162425064645E-01, -0.1370439979889466E-04,  0.1544649294720246E+00, -0.2615384838081114E-04, 100.0
 -0.9100000381469727E+01, -0.7607165921293162E-01, -0.1426660094055473E-04,  0.1544648574669074E+00, -0.2723402059319622E-04, 100.0
 -0.9000000000000000E+01, -0.7607169550712953E-01, -0.1487777337456112E-04,  0.1544647827322669E+00, -0.2840867526860426E-04, 100.0
 -0.8899999618530273E+01, -0.7607173321984183E-01, -0.1554419714732658E-04,  0.1544647050912282E+00, -0.2968994610049792E-04, 100.0
 -0.8800000190734863E+01, -0.7607177244627607E-01, -0.1627325224938369E-04,  0.1544646243493638E+00, -0.3109209380682128E-04, 100.0
 -0.8699999809265137E+01, -0.7607181329145275E-01, -0.1707366877974312E-04,  0.1544645402922413E+00, -0.3263199027411635E-04, 100.0
 -0.8600000381469727E+01, -0.7607185587163044E-01, -0.1795584846126782E-04,  0.1544644526825071E+00, -0.3432974091283702E-04, 100.0
 -0.8500000000000000E+01, -0.7607190031601845E-01, -0.1893228240498794E-04,  0.1544643612564039E+00, -0.3620949350675719E-04, 100.0
 -0.8399999618530273E+01, -0.7607194676883326E-01, -0.2001810046631496E-04,  0.1544642657195752E+00, -0.3830050211874097E-04, 100.0
 -0.8300000190734863E+01, -0.7607199539179652E-01, -0.2123180317469528E-04,  0.1544641657419678E+00, -0.4063854500012096E-04, 100.0
 -0.8199999809265137E+01, -0.7607204636720698E-01, -0.2259625109640337E-04,  0.1544640609515767E+00, -0.4326784186820714E-04, 100.0
 -0.8100000381469727E+01, -0.7607209990173305E-01, -0.2414002371883793E-04,  0.1544639509266992E+00, -0.4624368834135115E-04, 100.0
 -0.8000000000000000E+01, -0.7607215623118255E-01, -0.2589931936364633E-04,  0.1544638351862150E+00, -0.4963614100950079E-04, 100.0
 -0.7900000095367432E+01, -0.7607221562654623E-01, -0.2792066496639725E-04,  0.1544637131772467E+00, -0.5353527631256402E-04, 100.0
 -0.7800000190734863E+01, -0.7607227840179730E-01, -0.3026486869765873E-04,  0.1544635842592480E+00, -0.5805886667164002E-04, 100.0
 -0.7699999809265137E+01, -0.7607234492410532E-01, -0.3301293441904899E-04,  0.1544634476831473E+00, -0.6336387622840133E-04, 100.0
 -0.7599999904632568E+01, -0.7607241562747993E-01, -0.3627517430087561E-04,  0.1544633025634760E+00, -0.6966419125706439E-04, 100.0
 -0.7500000000000000E+01, -0.7607249103140667E-01, -0.4020573247657674E-04,  0.1544631478402832E+00, -0.7725891622813343E-04, 100.0
 -0.7400000095367432E+01, -0.7607257176696366E-01, -0.4502666960388297E-04,  0.1544629822257112E+00, -0.8657937754028319E-04, 100.0
 -0.7300000190734863E+01, -0.7607265861457943E-01, -0.5106983011552549E-04,  0.1544628041266870E+00, -0.9827101829833417E-04, 100.0
 -0.7199999809265137E+01, -0.7607275256069063E-01, -0.5885388731081544E-04,  0.1544626115287433E+00, -0.1133445747295852E-03, 100.0
 -0.7099999904632568E+01, -0.7607285488676736E-01, -0.6923643630119693E-04,  0.1544624018131106E+00, -0.1334758494951539E-03, 100.0
 -0.7000000000000000E+01, -0.7607296731756154E-01, -0.8374209742277724E-04,  0.1544621714512125E+00, -0.1616568056193755E-03, 100.0
 -0.6900000095367432E+01, -0.7607292570360903E-01, -0.6670173942537362E-04,  0.1544619235897143E+00, -0.1954408766303080E-03, 100.0
 -0.6800000190734863E+01, -0.7607287617485162E-01, -0.4965613763036557E-04,  0.1544616644352574E+00, -0.2292143270281907E-03, 100.0
 -0.6699999809265137E+01, -0.7607281870772667E-01, -0.3260496612038200E-04,  0.1544613940797752E+00, -0.2629765408012237E-03, 100.0
 -0.6599999904632568E+01, -0.7607275327727921E-01, -0.1554787259350487E-04,  0.1544611126197358E+00, -0.2967268531973342E-03, 100.0
 -0.6500000000000000E+01, -0.7607267985705735E-01,  0.1515524277412642E-05,  0.1544608201564635E+00, -0.3304645458019365E-03, 100.0
 -0.6400000095367432E+01, -0.7607259841898686E-01,  0.1858563781201737E-04,  0.1544605167964917E+00, -0.3641888410180013E-03,   0.9
 -0.6300000190734863E+01, -0.7607250893324359E-01,  0.3566291665878455E-04,  0.1544602026519475E+00, -0.3978988958512034E-03,   0.9
 -0.6199999809265137E+01, -0.7607241136810730E-01,  0.5274784855732498E-04,  0.1544598778409791E+00, -0.4315937949000778E-03,   0.9
 -0.6099999904632568E+01, -0.7607230568979914E-01,  0.6984096459341532E-04,  0.1544595424882174E+00, -0.4652725424332501E-03,   0.9
 -0.6000000000000000E+01, -0.7607219186230500E-01,  0.8694284401663633E-04,  0.1544591967252939E+00, -0.4989340534020752E-03,   0.9
 -0.5900000095367432E+01, -0.7607231523958019E-01,  0.1727572913634434E-04,  0.1544588614755301E+00, -0.5269641213248582E-03,   0.9
 -0.5800000190734863E+01, -0.7607243886398202E-01, -0.3252382968362532E-04,  0.1544585546007118E+00, -0.5469156046317170E-03,   0.9
 -0.5699999809265137E+01, -0.7607256084916460E-01, -0.6976241781396391E-04,  0.1544582725867475E+00, -0.5617796055473103E-03,   0.9
 -0.5599999904632568E+01, -0.7607267983411331E-01, -0.9854885351671445E-04,  0.1544580128101180E+00, -0.5732308852136050E-03,   0.9
 -0.5500000000000000E+01, -0.7607279479098718E-01, -0.1213668560981181E-03,  0.1544577732468300E+00, -0.5822789438172366E-03,   0.9
 -0.5400000095367432E+01, -0.7607290491751623E-01, -0.1398040346626054E-03,  0.1544575522961270E+00, -0.5895677768989698E-03,   0.9
 -0.5300000190734863E+01, -0.7607300957188902E-01, -0.1549211406859746E-03,  0.1544573486676896E+00, -0.5955270311687609E-03,   0.9
 -0.5199999809265137E+01, -0.7607310823097316E-01, -0.1674526920709604E-03,  0.1544571613062251E+00, -0.6004538745478879E-03,   0.9
 -0.5099999904632568E+01, -0.7607320046225509E-01, -0.1779223471945595E-03,  0.1544569893392345E+00, -0.6045599703429147E-03,   0.9
 -0.5000000000000000E+01, -0.7607328590431310E-01, -0.1867124363055599E-03,  0.1544568320397738E+00, -0.6079997380619777E-03,   0.9
 -0.4900000095367432E+01, -0.7607336425281860E-01, -0.1941075391681525E-03,  0.1544566887992689E+00, -0.6108880418005610E-03,   0.9
 -0.4800000190734863E+01, -0.7607343525027319E-01, -0.2003227125742165E-03,  0.1544565591072821E+00, -0.6133116358095089E-03,   0.9
 -0.4699999809265137E+01, -0.7607349867834531E-01, -0.2055222895822857E-03,  0.1544564425362318E+00, -0.6153367805912365E-03,   0.9
 -0.4599999904632568E+01, -0.7607355435206861E-01, -0.2098326914901731E-03,  0.1544563387297172E+00, -0.6170144297087276E-03,   0.9
 -0.4500000000000000E+01, -0.7607360211541783E-01, -0.2133513211326750E-03,  0.1544562473935453E+00, -0.6183838279964869E-03,   0.9
 -0.4400000095367432E+01, -0.7607364183791451E-01, -0.2161528174444979E-03,  0.1544561682888206E+00, -0.6194750408236991E-03,   0.9
 -0.4300000190734863E+01, -0.7607367341204391E-01, -0.2182934822091685E-03,  0.1544561012266567E+00, -0.6203107433556534E-03,   0.9
 -0.4199999809265137E+01, -0.7607369675130872E-01, -0.2198144017753258E-03,  0.1544560460641905E+00, -0.6209074817251542E-03,   0.9
 -0.4099999904632568E+01, -0.7607371178881615E-01, -0.2207436036256391E-03,  0.1544560027016820E+00, -0.6212765437910915E-03,   0.9
 -0.4000000000000000E+01, -0.7607371847630337E-01, -0.2210974671626971E-03,  0.1544559710805408E+00, -0.6214245282850831E-03,   0.9
 -0.3900000095367432E+01, -0.7607371678357874E-01, -0.2208815248056880E-03,  0.1544559511821858E+00, -0.6213536673826080E-03,   0.9
 -0.3799999952316284E+01, -0.7607370669831383E-01, -0.2200907278552185E-03,  0.1544559430276710E+00, -0.6210619327585561E-03,   0.9
 -0.3700000047683716E+01, -0.7607368822621270E-01, -0.2187092013152014E-03,  0.1544559466780731E+00, -0.6205429347997481E-03,   0.9
 -0.3599999904632568E+01, -0.7607366139153264E-01, -0.2167094651510856E-03,  0.1544559622356464E+00, -0.6197856056994167E-03,   0.9
 -0.3500000000000000E+01, -0.7607362623801413E-01, -0.2140510494000693E-03,  0.1544559898458071E+00, -0.6187736368212558E-03,   0.9
 -0.3400000095367432E+01, -0.7607358283024061E-01, -0.2106783693955105E-03,  0.1544560297000475E+00, -0.6174846158543009E-03,   0.9
 -0.3299999952316284E+01, -0.7607353125552856E-01, -0.2065176449069208E-03,  0.1544560820399308E+00, -0.6158887757064870E-03,   0.9
 -0.3200000047683716E+01, -0.7607347162643420E-01, -0.2014725278272231E-03,  0.1544561471623882E+00, -0.6139472185215947E-03,   0.9
 -0.3099999904632568E+01, -0.7607340408404835E-01, -0.1954179223054211E-03,  0.1544562254266340E+00, -0.6116094044750683E-03,   0.9
 -0.3000000000000000E+01, -0.7607332880229932E-01, -0.1881911966319166E-03,  0.1544563172631435E+00, -0.6088095787922818E-03,   0.9
 -0.2900000095367432E+01, -0.7607324599357779E-01, -0.1795795230302159E-03,  0.1544564231853229E+00, -0.6054616210925924E-03,   0.9
 -0.2799999952316284E+01, -0.7607315591616358E-01, -0.1693013028750490E-03,  0.1544565438047843E+00, -0.6014514824445601E-03,   0.9
 -0.2700000047683716E+01, -0.7607305888415149E-01, -0.1569782799962406E-03,  0.1544566798515635E+00, -0.5966258200949269E-03,   0.9
 -0.2599999904632568E+01, -0.7607295528095054E-01, -0.1420924958560267E-03,  0.1544568322012771E+00, -0.5907744340860264E-03,   0.9
 -0.2500000000000000E+01, -0.7607284557808644E-01, -0.1239176192864079E-03,  0.1544570019123275E+00, -0.5836022077856281E-03,   0.9
 -0.2400000095367432E+01, -0.7607273036213112E-01, -0.1014050190297770E-03,  0.1544571902780780E+00, -0.5746824711225330E-03,   0.9
 -0.2299999952316284E+01, -0.7607261037471078E-01, -0.7298568379126625E-04,  0.1544573989021897E+00, -0.5633757231400134E-03,   0.9
 -0.2200000047683716E+01, -0.7607248657471523E-01, -0.3620569922096448E-04,  0.1544576298113178E+00, -0.5486795778402248E-03,   0.9
 -0.2099999904632568E+01, -0.7607236024093103E-01,  0.1299332401364073E-04,  0.1544578856312682E+00, -0.5289312054587002E-03,   0.9
 -0.2000000000000000E+01, -0.7607223315518238E-01,  0.8182646327904814E-04,  0.1544581698778886E+00, -0.5011610483663572E-03,   0.9
 -0.1899999976158142E+01, -0.7607235553920220E-01,  0.6490046217347514E-04,  0.1544584647542940E+00, -0.4677971102676731E-03,   0.9
 -0.1799999952316284E+01, -0.7607246971842288E-01,  0.4800614104006668E-04,  0.1544587493964358E+00, -0.4344106056355577E-03,   0.9
 -0.1700000047683716E+01, -0.7607257574438843E-01,  0.3114889047457806E-04,  0.1544590236651763E+00, -0.4010009319304682E-03,   0.9
 -0.1600000023841858E+01, -0.7607267367172299E-01,  0.1433637784877133E-04,  0.1544592874277576E+00, -0.3675667482660457E-03,   0.9
 -0.1500000000000000E+01, -0.7607276356024682E-01, -0.2420341103344515E-05,  0.1544595405569586E+00, -0.3341056602626866E-03,   0.9
 -0.1399999976158142E+01, -0.7607284547802942E-01, -0.1910497040664591E-04,  0.1544597829301273E+00, -0.3006136893331649E-03,  55.0
 -0.1299999952316284E+01, -0.7607291950600316E-01, -0.3569274361888240E-04,  0.1544600144279478E+00, -0.2670843409822748E-03,  55.0
 -0.1200000047683716E+01, -0.7607298574532520E-01, -0.5214446408229056E-04,  0.1544602349326848E+00, -0.2335068778894818E-03,  55.0
 -0.1100000023841858E+01, -0.7607304432988921E-01, -0.6839471666798195E-04,  0.1544604443254017E+00, -0.1998628883819538E-03,  55.0
 -0.1000000000000000E+01, -0.7607309544921534E-01, -0.8432639956615499E-04,  0.1544606424809662E+00, -0.1661188257977563E-03,  55.0
 -0.8999999761581421E+00, -0.7607300811402236E-01, -0.7028392396541650E-04,  0.1544608229348239E+00, -0.1378748553951112E-03,  55.0
 -0.8000000119209290E+00, -0.7607293104593259E-01, -0.6031074993708929E-04,  0.1544609823280415E+00, -0.1176238258686857E-03,  55.0
 -0.6999999880790710E+00, -0.7607286252076050E-01, -0.5290226208891034E-04,  0.1544611241980610E+00, -0.1023961752594389E-03,  55.0
 -0.6000000238418579E+00, -0.7607280126197356E-01, -0.4721227234367002E-04,  0.1544612511611843E+00, -0.9052873046791636E-04,  55.0
 -0.5000000000000000E+00, -0.7607274629058737E-01, -0.4272912234376540E-04,  0.1544613652226495E+00, -0.8101845197798077E-04,  55.0
 -0.4000000059604645E+00, -0.7607269683520045E-01, -0.3912554715100777E-04,  0.1544614679619246E+00, -0.7322488875715610E-04, 220.0
 -0.3000000119209290E+00, -0.7607265227483512E-01, -0.3618262580828886E-04,  0.1544615606502174E+00, -0.6672012595848812E-04, 220.0
 -0.2000000029802322E+00, -0.7607261210089225E-01, -0.3374845809422044E-04,  0.1544616443285733E+00, -0.6120749952726760E-04, 220.0
 -0.1000000014901161E+00, -0.7607257589087069E-01, -0.3171439492829704E-04,  0.1544617198617773E+00, -0.5647494266789004E-04, 220.0
  0.0000000000000000E+00, -0.7607254328963306E-01, -0.3000070608659395E-04,  0.1544617879767405E+00, -0.5236690105217715E-04, 220.0
  0.1000000014901161E+00, -0.7607251327879075E-01, -0.2806321619776074E-04,  0.1544618492657652E+00, -0.4883110025278390E-04, 220.0
  0.2000000029802322E+00, -0.7607248638695192E-01, -0.2642604996733327E-04,  0.1544619042369705E+00, -0.4580645447184712E-04, 220.0
  0.3000000119209290E+00, -0.7607246238607804E-01, -0.2502152109789413E-04,  0.1544619533516618E+00, -0.4318940378778575E-04, 220.0
  0.4000000059604645E+00, -0.7607244107859590E-01, -0.2380365192455149E-04,  0.1544619970095146E+00, -0.4090615056200426E-04, 220.0
  0.5000000000000000E+00, -0.7607242229246401E-01, -0.2273929496495858E-04,  0.1544620355585614E+00, -0.3890153731402803E-04, 220.0
  0.6000000238418579E+00, -0.7607240587725490E-01, -0.2180355333806674E-04,  0.1544620693031243E+00, -0.3713299612503137E-04, 220.0
  0.6999999880790710E+00, -0.7607239170100541E-01, -0.2097716908454256E-04,  0.1544620985101815E+00, -0.3556691398821326E-04, 220.0
  0.8000000119209290E+00, -0.7607237964766428E-01, -0.2024491579803712E-04,  0.1544621234145389E+00, -0.3417628846135378E-04, 220.0
  0.8999999761581421E+00, -0.7607236961499829E-01, -0.1959454994431080E-04,  0.1544621442230611E+00, -0.3293913501060132E-04, 220.0
  0.1000000000000000E+01, -0.7607236151286267E-01, -0.1901609510200930E-04,  0.1544621611181663E+00, -0.3183736228983467E-04, 220.0
  0.1100000023841858E+01, -0.7607235526176910E-01, -0.1850133584187632E-04,  0.1544621742607288E+00, -0.3085595397250521E-04, 220.0
  0.1200000047683716E+01, -0.7607235079168240E-01, -0.1804344963864877E-04,  0.1544621837925053E+00, -0.2998235958713613E-04, 220.0
  0.1299999952316284E+01, -0.7607234804101269E-01, -0.1763673303905763E-04,  0.1544621898381758E+00, -0.2920603245288318E-04, 220.0
  0.1399999976158142E+01, -0.7607234695576769E-01, -0.1727639416662628E-04,  0.1544621925070571E+00, -0.2851807386660955E-04, 220.0
  0.1500000000000000E+01, -0.7607234748883165E-01, -0.1695839310990297E-04,  0.1544621918945608E+00, -0.2791095571958655E-04, 220.0
  0.1600000023841858E+01, -0.7607234959935703E-01, -0.1667931764170339E-04,  0.1544621880834216E+00, -0.2737830209709439E-04, 220.0
  0.1700000047683716E+01, -0.7607235325224922E-01, -0.1643628550396612E-04,  0.1544621811447404E+00, -0.2691471597643708E-04, 220.0
  0.1799999952316284E+01, -0.7607235841772822E-01, -0.1622686702488639E-04,  0.1544621711388706E+00, -0.2651564093479248E-04, 220.0
  0.1899999976158142E+01, -0.7607236507096056E-01, -0.1604902354314162E-04,  0.1544621581161586E+00, -0.2617725043165751E-04, 220.0
  0.2000000000000000E+01, -0.7607237319175045E-01, -0.1590105832291382E-04,  0.1544621421175723E+00, -0.2589635912511495E-04, 220.0
  0.2099999904632568E+01, -0.7607238276428206E-01, -0.1578157749483941E-04,  0.1544621231752220E+00, -0.2567035206008364E-04, 220.0
  0.2200000047683716E+01, -0.7607239377690843E-01, -0.1568945918328159E-04,  0.1544621013127837E+00, -0.2549712859050459E-04, 220.0
  0.2299999952316284E+01, -0.7607240622198223E-01, -0.1562382944457806E-04,  0.1544620765458443E+00, -0.2537505867157589E-04, 220.0
  0.2400000095367432E+01, -0.7607242009572390E-01, -0.1558404399270724E-04,  0.1544620488821657E+00, -0.2530294975737191E-04, 220.0
  0.2500000000000000E+01, -0.7607243539812723E-01, -0.1556967496594509E-04,  0.1544620183218781E+00, -0.2528002301410223E-04, 220.0
  0.2599999904632568E+01, -0.7607245213289514E-01, -0.1558050220808056E-04,  0.1544619848576065E+00, -0.2530589794796508E-04, 220.0
  0.2700000047683716E+01, -0.7607247030741109E-01, -0.1561650872310173E-04,  0.1544619484745333E+00, -0.2538058487707114E-04, 220.0
  0.2799999952316284E+01, -0.7607248993273687E-01, -0.1567788012838506E-04,  0.1544619091503952E+00, -0.2550448497123062E-04, 220.0
  0.2900000095367432E+01, -0.7607251102364856E-01, -0.1576500807348064E-04,  0.1544618668554200E+00, -0.2567839786020200E-04, 220.0
  0.3000000000000000E+01, -0.7607253359869710E-01, -0.1587849775004811E-04,  0.1544618215521963E+00, -0.2590353708695147E-04, 220.0
  0.3099999904632568E+01, -0.7607255768030521E-01, -0.1601917975961520E-04,  0.1544617731954790E+00, -0.2618155397437038E-04, 220.0
  0.3200000047683716E+01, -0.7607258329489958E-01, -0.1618812678729630E-04,  0.1544617217319236E+00, -0.2651457079877702E-04, 220.0
  0.3299999952316284E+01, -0.7607261047308000E-01, -0.1638667571798938E-04,  0.1544616670997447E+00, -0.2690522454316602E-04, 220.0
  0.3400000095367432E+01, -0.7607263924982585E-01, -0.1661645606949695E-04,  0.1544616092282937E+00, -0.2735672296199904E-04, 220.0
  0.3500000000000000E+01, -0.7607266966475290E-01, -0.1687942591319981E-04,  0.1544615480375451E+00, -0.2787291526100640E-04, 220.0
  0.3599999904632568E+01, -0.7607270176241682E-01, -0.1717791682122701E-04,  0.1544614834374780E+00, -0.2845838042384713E-04, 220.0
  0.3700000047683716E+01, -0.7607273559267516E-01, -0.1751468986418029E-04,  0.1544614153273451E+00, -0.2911853716229088E-04, 220.0
  0.3799999952316284E+01, -0.7607277121111576E-01, -0.1789300531931371E-04,  0.1544613435948066E+00, -0.2985978071178848E-04, 220.0
  0.3900000095367432E+01, -0.7607280867956229E-01, -0.1831670959132732E-04,  0.1544612681149055E+00, -0.3068965335781189E-04, 220.0
  0.4000000000000000E+01, -0.7607284806666950E-01, -0.1879034400727612E-04,  0.1544611887488657E+00, -0.3161705782903702E-04, 220.0
  0.4099999904632568E+01, -0.7607288944862504E-01, -0.1931928170231956E-04,  0.1544611053426686E+00, -0.3265252577886350E-04, 220.0
  0.4199999809265137E+01, -0.7607293290998118E-01, -0.1990990100646558E-04,  0.1544610177253736E+00, -0.3380855785849535E-04, 220.0
  0.4300000190734863E+01, -0.7607297854463860E-01, -0.2056980680053007E-04,  0.1544609257071210E+00, -0.3510005790869960E-04, 220.0
  0.4400000095367432E+01, -0.7607302645702343E-01, -0.2130811568496728E-04,  0.1544608290767561E+00, -0.3654489239129664E-04, 220.0
  0.4500000000000000E+01, -0.7607307676349447E-01, -0.2213582713128724E-04,  0.1544607275989781E+00, -0.3816461862671271E-04, 220.0
  0.4599999904632568E+01, -0.7607312959404011E-01, -0.2306631209838716E-04,  0.1544606210108993E+00, -0.3998544372533054E-04, 220.0
  0.4699999809265137E+01, -0.7607318509434707E-01, -0.2411596453999396E-04,  0.1544605090178653E+00, -0.4203950354736486E-04, 220.0
  0.4800000190734863E+01, -0.7607324342832834E-01, -0.2530508251194242E-04,  0.1544603912883230E+00, -0.4436659295185010E-04, 220.0
  0.4900000095367432E+01, -0.7607330478126592E-01, -0.2665907877170724E-04,  0.1544602674474708E+00, -0.4701654400866742E-04, 220.0
  0.5000000000000000E+01, -0.7607336936373360E-01, -0.2821017372641893E-04,  0.1544601370692964E+00, -0.5005255333317429E-04, 220.0
  0.5099999904632568E+01, -0.7607343741658253E-01, -0.2999981033388436E-04,  0.1544599996664769E+00, -0.5355593102518488E-04, 220.0
  0.5199999809265137E+01, -0.7607350921735630E-01, -0.3208217685828659E-04,  0.1544598546773761E+00, -0.5763303294492985E-04, 220.0
  0.5300000190734863E+01, -0.7607358508868643E-01, -0.3452947830853018E-04,  0.1544597014490157E+00, -0.6242564282956128E-04, 220.0
  0.5400000095367432E+01, -0.7607366540948976E-01, -0.3744005847854295E-04,  0.1544595392143543E+00, -0.6812698536362161E-04, 220.0
  0.5500000000000000E+01, -0.7607375063024552E-01, -0.4095134490069283E-04,  0.1544593670612701E+00, -0.7500728163670152E-04, 220.0
  0.5599999904632568E+01, -0.7607384129438294E-01, -0.4526131543554888E-04,  0.1544591838891017E+00, -0.8345620028037606E-04, 220.0
  0.5699999809265137E+01, -0.7607393806916889E-01, -0.5066581447235094E-04,  0.1544589883458196E+00, -0.9405681996057467E-04, 220.0
  0.5800000190734863E+01, -0.7607404179202318E-01, -0.5762722281223340E-04,  0.1544587787336887E+00, -0.1077221623539674E-03, 220.0
  0.5900000095367432E+01, -0.7607415354323570E-01, -0.6691001685744607E-04,  0.1544585528608398E+00, -0.1259659274716414E-03, 220.0
  0.6000000000000000E+01, -0.7607427476700790E-01, -0.7987320374928157E-04,  0.1544583077934895E+00, -0.1514905168606496E-03, 220.0
  0.6099999904632568E+01, -0.7607427982652964E-01, -0.6453324366164215E-04,  0.1544580462570239E+00, -0.1820868373465499E-03, 220.0
  0.6199999809265137E+01, -0.7607427869620885E-01, -0.4919530729614494E-04,  0.1544577734597588E+00, -0.2126854824820464E-03, 220.0
  0.6300000190734863E+01, -0.7607427138918330E-01, -0.3385932817675930E-04,  0.1544574894007402E+00, -0.2432863084932384E-03, 220.0
  0.6400000095367432E+01, -0.7607425791815194E-01, -0.1852524364552529E-04,  0.1544571940793483E+00, -0.2738891788202708E-03, 220.0
  0.6500000000000000E+01, -0.7607423829540168E-01, -0.3192994611662264E-05,  0.1544568874952777E+00, -0.3044939636490573E-03, 220.0
  0.6599999904632568E+01, -0.7607421253282651E-01,  0.1213747467562379E-04,  0.1544565696485148E+00, -0.3351005394838035E-03,   1.0
  0.6699999809265137E+01, -0.7607418064194829E-01,  0.2746621684207130E-04,  0.1544562405393193E+00, -0.3657087887488483E-03,   1.0
  0.6800000190734863E+01, -0.7607414263393418E-01,  0.4279328158343082E-04,  0.1544559001682083E+00, -0.3963185994199328E-03,   1.0
  0.6900000095367432E+01, -0.7607409851961659E-01,  0.5811871584783256E-04,  0.1544555485359417E+00, -0.4269298646851676E-03,   1.0
  0.7000000000000000E+01, -0.7607404830950305E-01,  0.7344256400526075E-04,  0.1544551856435018E+00, -0.4575424826250642E-03,   1.0
  0.7099999904632568E+01, -0.7607423083912464E-01,  0.9893665473196827E-05,  0.1544548287280086E+00, -0.4830872364500661E-03,   1.0
  0.7199999809265137E+01, -0.7607441997726382E-01, -0.3573468749378703E-04,  0.1544544925655202E+00, -0.5013552846657506E-03,   1.0
  0.7300000190734863E+01, -0.7607461415073855E-01, -0.7006171635593665E-04,  0.1544541742258924E+00, -0.5150491781444878E-03,   1.0
  0.7400000095367432E+01, -0.7607481222314687E-01, -0.9681113667256803E-04,  0.1544538714976559E+00, -0.5256827742570381E-03,   1.0
  0.7500000000000000E+01, -0.7607501333480106E-01, -0.1182353987294902E-03,  0.1544535826520219E+00, -0.5341692612607221E-03,   1.0
  0.7599999904632568E+01, -0.7607521681290809E-01, -0.1357758998724573E-03,  0.1544533062998205E+00, -0.5410918947270190E-03,   1.0
  0.7699999809265137E+01, -0.7607542211710848E-01, -0.1503974278984164E-03,  0.1544530412998182E+00, -0.5468405315931868E-03,   1.0
  0.7800000190734863E+01, -0.7607562880443894E-01, -0.1627699036384755E-03,  0.1544527866973018E+00, -0.5516855937380819E-03,   1.0
  0.7900000095367432E+01, -0.7607583650573849E-01, -0.1733729318099636E-03,  0.1544525416813984E+00, -0.5558205202383194E-03,   1.0
  0.8000000000000000E+01, -0.7607604490914696E-01, -0.1825588493767348E-03,  0.1544523055545038E+00, -0.5593873240031949E-03,   1.0
  0.8100000381469727E+01, -0.7607625374820794E-01, -0.1905922852536147E-03,  0.1544520777098156E+00, -0.5624926060999645E-03,   1.0
  0.8199999809265137E+01, -0.7607646279307222E-01, -0.1976758370697568E-03,  0.1544518576144455E+00, -0.5652179392210334E-03,   1.0
  0.8300000190734863E+01, -0.7607667184384502E-01, -0.2039672316808773E-03,  0.1544516447964915E+00, -0.5676268014243669E-03,   1.0
  0.8399999618530273E+01, -0.7607688072545905E-01, -0.2095910904798852E-03,  0.1544514388349631E+00, -0.5697693266692424E-03,   1.0
  0.8500000000000000E+01, -0.7607708928366179E-01, -0.2146471789923876E-03,  0.1544512393518200E+00, -0.5716856338996934E-03,   1.0
  0.8600000381469727E+01, -0.7607729738182635E-01, -0.2192163077562797E-03,  0.1544510460055951E+00, -0.5734082071787012E-03,   1.0
  0.8699999809265137E+01, -0.7607750489838541E-01, -0.2233646289885805E-03,  0.1544508584862305E+00, -0.5749636280563187E-03,   1.0
  0.8800000190734863E+01, -0.7607771172474075E-01, -0.2271468156118146E-03,  0.1544506765108410E+00, -0.5763738568721010E-03,   1.0
  0.8899999618530273E+01, -0.7607791776354744E-01, -0.2306084476073561E-03,  0.1544504998202147E+00, -0.5776571942821494E-03,   1.0
  0.9000000000000000E+01, -0.7607812292728586E-01, -0.2337878270158674E-03,  0.1544503281758981E+00, -0.5788290123793201E-03,   1.0
  0.9100000381469727E+01, -0.7607832713706948E-01, -0.2367173750104417E-03,  0.1544501613577362E+00, -0.5799023173330372E-03,   1.0
  0.9199999809265137E+01, -0.7607853032163640E-01, -0.2394247191360808E-03,  0.1544499991617975E+00, -0.5808881871593850E-03,   1.0
  0.9300000190734863E+01, -0.7607873241649715E-01, -0.2419335480005680E-03,  0.1544498413986008E+00, -0.5817961157936000E-03,   1.0
  0.9399999618530273E+01, -0.7607893336319900E-01, -0.2442642894382838E-03,  0.1544496878915923E+00, -0.5826342860512917E-03,   1.0
  0.9500000000000000E+01, -0.7607913310869999E-01, -0.2464346532547735E-03,  0.1544495384758363E+00, -0.5834097880501621E-03,   1.0
  0.9600000381469727E+01, -0.7607933160482400E-01, -0.2484600690795954E-03,  0.1544493929968751E+00, -0.5841287953937775E-03,   1.0
  0.9699999809265137E+01, -0.7607952880778743E-01, -0.2503540422332050E-03,  0.1544492513097367E+00, -0.5847967083468197E-03,   1.0
  0.9800000190734863E+01, -0.7607972467778502E-01, -0.2521284449720187E-03,  0.1544491132780663E+00, -0.5854182709968245E-03,   1.0
  0.9899999618530273E+01, -0.7607991917862832E-01, -0.2537937563998456E-03,  0.1544489787733601E+00, -0.5859976677532614E-03,   1.0
  0.1000000000000000E+02, -0.7608011227742403E-01, -0.2553592612931779E-03,  0.1544488476742913E+00, -0.5865386033128469E-03,   1.0
  0.1010000038146973E+02, -0.7608030394429269E-01, -0.2568332158264409E-03,  0.1544487198661107E+00, -0.5870443693036516E-03,   1.0
  0.1019999980926514E+02, -0.7608049415211500E-01, -0.2582229864444632E-03,  0.1544485952401123E+00, -0.5875179001262959E-03,   1.0
  0.1030000019073486E+02, -0.7608068287631010E-01, -0.2595351668301947E-03,  0.1544484736931604E+00, -0.5879618199809433E-03,   1.0
  0.1039999961853027E+02, -0.7608087009463310E-01, -0.2607756768887583E-03,  0.1544483551272603E+00, -0.5883784826612356E-03,   1.0
  0.1050000000000000E+02, -0.7608105578699520E-01, -0.2619498468981528E-03,  0.1544482394491767E+00, -0.5887700053800798E-03,   1.0
  0.1060000038146973E+02, -0.7608123993530157E-01, -0.2630624893511037E-03,  0.1544481265700895E+00, -0.5891382976459873E-03,   1.0
  0.1069999980926514E+02, -0.7608142252330691E-01, -0.2641179605425408E-03,  0.1544480164052789E+00, -0.5894850860142144E-03,   1.0
  0.1080000019073486E+02, -0.7608160353647864E-01, -0.2651202135665688E-03,  0.1544479088738467E+00, -0.5898119353842773E-03,   1.0
  0.1089999961853027E+02, -0.7608178296188151E-01, -0.2660728440919985E-03,  0.1544478038984574E+00, -0.5901202673928182E-03,   1.0
  0.1100000000000000E+02, -0.7608196078806458E-01, -0.2669791300371243E-03,  0.1544477014051039E+00, -0.5904113763536815E-03,   1.0
  0.1110000038146973E+02, -0.7608213700496319E-01, -0.2678420660709478E-03,  0.1544476013228977E+00, -0.5906864431183425E-03,   1.0
  0.1119999980926514E+02, -0.7608231160380713E-01, -0.2686643937134218E-03,  0.1544475035838706E+00, -0.5909465471663071E-03,   1.0
  0.1130000019073486E+02, -0.7608248457703599E-01, -0.2694486276729748E-03,  0.1544474081227985E+00, -0.5911926771836136E-03,   1.0
  0.1139999961853027E+02, -0.7608265591822377E-01, -0.2701970789617576E-03,  0.1544473148770362E+00, -0.5914257403454143E-03,   1.0
  0.1150000000000000E+02, -0.7608282562200776E-01, -0.2709118752360251E-03,  0.1544472237863677E+00, -0.5916465704839595E-03,   1.0
